Listing of POP Irradiance Cross-Section Data			
			
File : C:\Users\pwfa-facet2\Desktop\pyzemaxslac\exee.ZMX			
Title: 			
Date : 12/12/2017			
			
			
"Center, Y = 0.0000E+00Irradiance X-Cross section surface 6 "			
Wavelength 0.55000 µm in index 1.00000 at 0.0000 (deg)			
"Center, Y = 0.0000E+00"			
Grid size (X by Y): 256 by 128			
			
			
  X Coordinate	    Irradiance_x	  Y Coordinate	    Irradiance_y
-1.70E+01	7.69E-08	-1.70E+01	2.19E-08
-1.68E+01	7.73E-08	-1.67E+01	2.22E-08
-1.67E+01	7.72E-08	-1.64E+01	2.29E-08
-1.66E+01	7.70E-08	-1.62E+01	2.30E-08
-1.64E+01	7.77E-08	-1.59E+01	2.28E-08
-1.63E+01	7.90E-08	-1.57E+01	2.25E-08
-1.62E+01	8.03E-08	-1.54E+01	2.28E-08
-1.61E+01	8.13E-08	-1.51E+01	2.36E-08
-1.59E+01	8.18E-08	-1.49E+01	2.49E-08
-1.58E+01	8.18E-08	-1.46E+01	2.62E-08
-1.57E+01	8.15E-08	-1.43E+01	2.73E-08
-1.55E+01	8.11E-08	-1.41E+01	2.82E-08
-1.54E+01	8.09E-08	-1.38E+01	2.90E-08
-1.53E+01	8.12E-08	-1.35E+01	2.98E-08
-1.51E+01	8.19E-08	-1.33E+01	3.10E-08
-1.50E+01	8.31E-08	-1.30E+01	3.25E-08
-1.49E+01	8.49E-08	-1.27E+01	3.46E-08
-1.47E+01	8.71E-08	-1.25E+01	3.73E-08
-1.46E+01	8.96E-08	-1.22E+01	4.05E-08
-1.45E+01	9.22E-08	-1.19E+01	4.43E-08
-1.43E+01	9.49E-08	-1.17E+01	4.86E-08
-1.42E+01	9.74E-08	-1.14E+01	5.36E-08
-1.41E+01	9.98E-08	-1.11E+01	5.92E-08
-1.39E+01	1.02E-07	-1.09E+01	6.56E-08
-1.38E+01	1.04E-07	-1.06E+01	7.30E-08
-1.37E+01	1.06E-07	-1.03E+01	8.17E-08
-1.35E+01	1.08E-07	-1.01E+01	9.20E-08
-1.34E+01	1.10E-07	-9.82E+00	1.05E-07
-1.33E+01	1.12E-07	-9.55E+00	1.20E-07
-1.31E+01	1.14E-07	-9.29E+00	1.39E-07
-1.30E+01	1.17E-07	-9.02E+00	1.63E-07
-1.29E+01	1.20E-07	-8.76E+00	1.93E-07
-1.27E+01	1.23E-07	-8.49E+00	2.33E-07
-1.26E+01	1.27E-07	-8.22E+00	2.85E-07
-1.25E+01	1.32E-07	-7.96E+00	3.56E-07
-1.23E+01	1.37E-07	-7.69E+00	4.54E-07
-1.22E+01	1.43E-07	-7.43E+00	5.92E-07
-1.21E+01	1.50E-07	-7.16E+00	7.93E-07
-1.19E+01	1.57E-07	-6.90E+00	1.10E-06
-1.18E+01	1.64E-07	-6.63E+00	1.58E-06
-1.17E+01	1.73E-07	-6.37E+00	2.38E-06
-1.15E+01	1.82E-07	-6.10E+00	3.79E-06
-1.14E+01	1.92E-07	-5.84E+00	6.50E-06
-1.13E+01	2.02E-07	-5.57E+00	1.23E-05
-1.11E+01	2.13E-07	-5.31E+00	2.64E-05
-1.10E+01	2.25E-07	-5.04E+00	6.75E-05
-1.09E+01	2.38E-07	-4.78E+00	2.09E-04
-1.07E+01	2.52E-07	-4.51E+00	1.31E-03
-1.06E+01	2.68E-07	-4.24E+00	7.35E-02
-1.05E+01	2.84E-07	-3.98E+00	1.05E+00
-1.03E+01	3.02E-07	-3.71E+00	1.16E+00
-1.02E+01	3.22E-07	-3.45E+00	1.05E+00
-1.01E+01	3.44E-07	-3.18E+00	1.16E+00
-9.95E+00	3.67E-07	-2.92E+00	1.17E+00
-9.82E+00	3.94E-07	-2.65E+00	1.21E+00
-9.68E+00	4.23E-07	-2.39E+00	1.23E+00
-9.55E+00	4.56E-07	-2.12E+00	1.28E+00
-9.42E+00	4.92E-07	-1.86E+00	1.29E+00
-9.29E+00	5.33E-07	-1.59E+00	1.33E+00
-9.15E+00	5.80E-07	-1.33E+00	1.34E+00
-9.02E+00	6.32E-07	-1.06E+00	1.36E+00
-8.89E+00	6.92E-07	-7.96E-01	1.37E+00
-8.76E+00	7.60E-07	-5.31E-01	1.39E+00
-8.62E+00	8.39E-07	-2.65E-01	1.39E+00
-8.49E+00	9.30E-07	0.00E+00	1.39E+00
-8.36E+00	1.04E-06	2.65E-01	1.39E+00
-8.22E+00	1.16E-06	5.31E-01	1.39E+00
-8.09E+00	1.30E-06	7.96E-01	1.37E+00
-7.96E+00	1.47E-06	1.06E+00	1.36E+00
-7.83E+00	1.68E-06	1.33E+00	1.34E+00
-7.69E+00	1.92E-06	1.59E+00	1.33E+00
-7.56E+00	2.22E-06	1.86E+00	1.29E+00
-7.43E+00	2.58E-06	2.12E+00	1.28E+00
-7.30E+00	3.03E-06	2.39E+00	1.23E+00
-7.16E+00	3.58E-06	2.65E+00	1.21E+00
-7.03E+00	4.29E-06	2.92E+00	1.17E+00
-6.90E+00	5.18E-06	3.18E+00	1.16E+00
-6.77E+00	6.35E-06	3.45E+00	1.05E+00
-6.63E+00	7.89E-06	3.71E+00	1.16E+00
-6.50E+00	9.95E-06	3.98E+00	1.05E+00
-6.37E+00	1.28E-05	4.24E+00	7.35E-02
-6.23E+00	1.68E-05	4.51E+00	1.31E-03
-6.10E+00	2.26E-05	4.78E+00	2.09E-04
-5.97E+00	3.14E-05	5.04E+00	6.75E-05
-5.84E+00	4.52E-05	5.31E+00	2.64E-05
-5.70E+00	6.80E-05	5.57E+00	1.23E-05
-5.57E+00	1.08E-04	5.84E+00	6.50E-06
-5.44E+00	1.85E-04	6.10E+00	3.79E-06
-5.31E+00	3.48E-04	6.37E+00	2.38E-06
-5.17E+00	7.29E-04	6.63E+00	1.58E-06
-5.04E+00	1.72E-03	6.90E+00	1.10E-06
-4.91E+00	4.35E-03	7.16E+00	7.93E-07
-4.78E+00	1.04E-02	7.43E+00	5.92E-07
-4.64E+00	1.82E-02	7.69E+00	4.54E-07
-4.51E+00	1.54E-02	7.96E+00	3.56E-07
-4.38E+00	5.11E-02	8.22E+00	2.85E-07
-4.24E+00	2.74E-01	8.49E+00	2.33E-07
-4.11E+00	6.80E-01	8.76E+00	1.93E-07
-3.98E+00	1.65E+00	9.02E+00	1.63E-07
-3.85E+00	1.34E+00	9.29E+00	1.39E-07
-3.71E+00	8.05E-01	9.55E+00	1.20E-07
-3.58E+00	1.23E+00	9.82E+00	1.05E-07
-3.45E+00	1.03E+00	1.01E+01	9.20E-08
-3.32E+00	1.16E+00	1.03E+01	8.17E-08
-3.18E+00	1.12E+00	1.06E+01	7.30E-08
-3.05E+00	1.18E+00	1.09E+01	6.56E-08
-2.92E+00	1.15E+00	1.11E+01	5.92E-08
-2.79E+00	1.21E+00	1.14E+01	5.36E-08
-2.65E+00	1.19E+00	1.17E+01	4.86E-08
-2.52E+00	1.23E+00	1.19E+01	4.43E-08
-2.39E+00	1.24E+00	1.22E+01	4.05E-08
-2.26E+00	1.27E+00	1.25E+01	3.73E-08
-2.12E+00	1.27E+00	1.27E+01	3.46E-08
-1.99E+00	1.29E+00	1.30E+01	3.25E-08
-1.86E+00	1.29E+00	1.33E+01	3.10E-08
-1.72E+00	1.31E+00	1.35E+01	2.98E-08
-1.59E+00	1.31E+00	1.38E+01	2.90E-08
-1.46E+00	1.34E+00	1.41E+01	2.82E-08
-1.33E+00	1.34E+00	1.43E+01	2.73E-08
-1.19E+00	1.36E+00	1.46E+01	2.62E-08
-1.06E+00	1.36E+00	1.49E+01	2.49E-08
-9.29E-01	1.37E+00	1.51E+01	2.36E-08
-7.96E-01	1.37E+00	1.54E+01	2.28E-08
-6.63E-01	1.38E+00	1.57E+01	2.25E-08
-5.31E-01	1.38E+00	1.59E+01	2.28E-08
-3.98E-01	1.39E+00	1.62E+01	2.30E-08
-2.65E-01	1.38E+00	1.64E+01	2.29E-08
-1.33E-01	1.39E+00	1.67E+01	2.22E-08
0.00E+00	1.39E+00	1.70E+01	2.19E-08
1.33E-01	1.39E+00		
2.65E-01	1.38E+00		
3.98E-01	1.39E+00		
5.31E-01	1.38E+00		
6.63E-01	1.38E+00		
7.96E-01	1.37E+00		
9.29E-01	1.37E+00		
1.06E+00	1.36E+00		
1.19E+00	1.36E+00		
1.33E+00	1.34E+00		
1.46E+00	1.34E+00		
1.59E+00	1.31E+00		
1.72E+00	1.31E+00		
1.86E+00	1.29E+00		
1.99E+00	1.29E+00		
2.12E+00	1.27E+00		
2.26E+00	1.27E+00		
2.39E+00	1.24E+00		
2.52E+00	1.23E+00		
2.65E+00	1.19E+00		
2.79E+00	1.21E+00		
2.92E+00	1.15E+00		
3.05E+00	1.18E+00		
3.18E+00	1.12E+00		
3.32E+00	1.16E+00		
3.45E+00	1.03E+00		
3.58E+00	1.23E+00		
3.71E+00	8.05E-01		
3.85E+00	1.34E+00		
3.98E+00	1.65E+00		
4.11E+00	6.80E-01		
4.24E+00	2.74E-01		
4.38E+00	5.11E-02		
4.51E+00	1.54E-02		
4.64E+00	1.82E-02		
4.78E+00	1.04E-02		
4.91E+00	4.35E-03		
5.04E+00	1.72E-03		
5.17E+00	7.29E-04		
5.31E+00	3.48E-04		
5.44E+00	1.85E-04		
5.57E+00	1.08E-04		
5.70E+00	6.80E-05		
5.84E+00	4.52E-05		
5.97E+00	3.14E-05		
6.10E+00	2.26E-05		
6.23E+00	1.68E-05		
6.37E+00	1.28E-05		
6.50E+00	9.95E-06		
6.63E+00	7.89E-06		
6.77E+00	6.35E-06		
6.90E+00	5.18E-06		
7.03E+00	4.29E-06		
7.16E+00	3.58E-06		
7.30E+00	3.03E-06		
7.43E+00	2.58E-06		
7.56E+00	2.22E-06		
7.69E+00	1.92E-06		
7.83E+00	1.68E-06		
7.96E+00	1.47E-06		
8.09E+00	1.30E-06		
8.22E+00	1.16E-06		
8.36E+00	1.04E-06		
8.49E+00	9.30E-07		
8.62E+00	8.39E-07		
8.76E+00	7.60E-07		
8.89E+00	6.92E-07		
9.02E+00	6.32E-07		
9.15E+00	5.80E-07		
9.29E+00	5.33E-07		
9.42E+00	4.92E-07		
9.55E+00	4.56E-07		
9.68E+00	4.23E-07		
9.82E+00	3.94E-07		
9.95E+00	3.67E-07		
1.01E+01	3.44E-07		
1.02E+01	3.22E-07		
1.03E+01	3.02E-07		
1.05E+01	2.84E-07		
1.06E+01	2.68E-07		
1.07E+01	2.52E-07		
1.09E+01	2.38E-07		
1.10E+01	2.25E-07		
1.11E+01	2.13E-07		
1.13E+01	2.02E-07		
1.14E+01	1.92E-07		
1.15E+01	1.82E-07		
1.17E+01	1.73E-07		
1.18E+01	1.64E-07		
1.19E+01	1.57E-07		
1.21E+01	1.50E-07		
1.22E+01	1.43E-07		
1.23E+01	1.37E-07		
1.25E+01	1.32E-07		
1.26E+01	1.27E-07		
1.27E+01	1.23E-07		
1.29E+01	1.20E-07		
1.30E+01	1.17E-07		
1.31E+01	1.14E-07		
1.33E+01	1.12E-07		
1.34E+01	1.10E-07		
1.35E+01	1.08E-07		
1.37E+01	1.06E-07		
1.38E+01	1.04E-07		
1.39E+01	1.02E-07		
1.41E+01	9.98E-08		
1.42E+01	9.74E-08		
1.43E+01	9.49E-08		
1.45E+01	9.22E-08		
1.46E+01	8.96E-08		
1.47E+01	8.71E-08		
1.49E+01	8.49E-08		
1.50E+01	8.31E-08		
1.51E+01	8.19E-08		
1.53E+01	8.12E-08		
1.54E+01	8.09E-08		
1.55E+01	8.11E-08		
1.57E+01	8.15E-08		
1.58E+01	8.18E-08		
1.59E+01	8.18E-08		
1.61E+01	8.13E-08		
1.62E+01	8.03E-08		
1.63E+01	7.90E-08		
1.64E+01	7.77E-08		
1.66E+01	7.70E-08		
1.67E+01	7.72E-08		
1.68E+01	7.73E-08		